
This is the count matrix of the clustered sequences:
          A     C      D      E      F      G      H      I     K      L      M      N      P      Q      R      S      T      V      W      Y
pos                                                                                                                                          
0    247.0   2.0  182.0    2.0  186.0  268.0  151.0   63.0  37.0  148.0   69.0  205.0    4.0  146.0    7.0  245.0  206.0  107.0   69.0  287.0
1    162.0  49.0  166.0    9.0   88.0  136.0  147.0   73.0  29.0  222.0  115.0  149.0  260.0    8.0  105.0  273.0  234.0  266.0   83.0   57.0
2    273.0   7.0  105.0   74.0   30.0  160.0   69.0  109.0  27.0  207.0   39.0  151.0  220.0   51.0   70.0  460.0  201.0  160.0   65.0  153.0
3    174.0  18.0  159.0  119.0   39.0   88.0  118.0  105.0  75.0  196.0   73.0   50.0  331.0  125.0  131.0  338.0  186.0  161.0   86.0   59.0
4    226.0  16.0  178.0   48.0   70.0  219.0  123.0   96.0  59.0  410.0   18.0  111.0  261.0   73.0  134.0  154.0  154.0  173.0   60.0   48.0
5     39.0  57.0  112.0   39.0  102.0  274.0  129.0   76.0  83.0  256.0   70.0  184.0  144.0   57.0  159.0  313.0  122.0  134.0  101.0  180.0
6    157.0  60.0  139.0   68.0   99.0  159.0  109.0  153.0  84.0  228.0   98.0  180.0   99.0   39.0  105.0  284.0  256.0  161.0   77.0   76.0
7    182.0  66.0  249.0   83.0  118.0  124.0   55.0   41.0  46.0  216.0  103.0  160.0  163.0   89.0  144.0  177.0  220.0  117.0  119.0  159.0
8    143.0  43.0   81.0   83.0   19.0  214.0  166.0  113.0  17.0  266.0  178.0  127.0  209.0   92.0  169.0  209.0  176.0  143.0   37.0  146.0
9    125.0   4.0   69.0    9.0  116.0  206.0  148.0   68.0  64.0  147.0   82.0  123.0  182.0   80.0  149.0  445.0  270.0  145.0   88.0  111.0
10   193.0  25.0   10.0   95.0  111.0   48.0  145.0  108.0  29.0  277.0   90.0  139.0  234.0  112.0  262.0  351.0  124.0   97.0  126.0   55.0
11   141.0   4.0   60.0  196.0  131.0  228.0  163.0   19.0   8.0  209.0  193.0  118.0  120.0   66.0  231.0  185.0  309.0   85.0   68.0   97.0

This is the probability matrix of the clustered sequences:
             A         C         D         E         F         G         H         I         K         L         M         N         P         Q         R         S         T         V         W         Y
pos                                                                                                                                                                                                        
0    0.093881  0.000760  0.069175  0.000760  0.070696  0.101862  0.057393  0.023945  0.014063  0.056252  0.026226  0.077917  0.001520  0.055492  0.002661  0.093120  0.078297  0.040669  0.026226  0.109084
1    0.061574  0.018624  0.063094  0.003421  0.033447  0.051691  0.055872  0.027746  0.011022  0.084379  0.043710  0.056632  0.098822  0.003041  0.039909  0.103763  0.088940  0.101102  0.031547  0.021665
2    0.103763  0.002661  0.039909  0.028126  0.011403  0.060813  0.026226  0.041429  0.010262  0.078677  0.014823  0.057393  0.083618  0.019384  0.026606  0.174838  0.076397  0.060813  0.024705  0.058153
3    0.066135  0.006842  0.060433  0.045230  0.014823  0.033447  0.044850  0.039909  0.028506  0.074496  0.027746  0.019004  0.125808  0.047510  0.049791  0.128468  0.070696  0.061193  0.032687  0.022425
4    0.085899  0.006081  0.067655  0.018244  0.026606  0.083238  0.046750  0.036488  0.022425  0.155834  0.006842  0.042189  0.099202  0.027746  0.050931  0.058533  0.058533  0.065754  0.022805  0.018244
5    0.014823  0.021665  0.042569  0.014823  0.038769  0.104143  0.049031  0.028886  0.031547  0.097301  0.026606  0.069935  0.054732  0.021665  0.060433  0.118966  0.046370  0.050931  0.038388  0.068415
6    0.059673  0.022805  0.052832  0.025846  0.037628  0.060433  0.041429  0.058153  0.031927  0.086659  0.037248  0.068415  0.037628  0.014823  0.039909  0.107944  0.097301  0.061193  0.029266  0.028886
7    0.069175  0.025086  0.094641  0.031547  0.044850  0.047130  0.020905  0.015583  0.017484  0.082098  0.039149  0.060813  0.061954  0.033827  0.054732  0.067275  0.083618  0.044470  0.045230  0.060433
8    0.054352  0.016344  0.030787  0.031547  0.007222  0.081338  0.063094  0.042949  0.006461  0.101102  0.067655  0.048271  0.079437  0.034968  0.064234  0.079437  0.066895  0.054352  0.014063  0.055492
9    0.047510  0.001520  0.026226  0.003421  0.044090  0.078297  0.056252  0.025846  0.024325  0.055872  0.031167  0.046750  0.069175  0.030407  0.056632  0.169137  0.102623  0.055112  0.033447  0.042189
10   0.073356  0.009502  0.003801  0.036108  0.042189  0.018244  0.055112  0.041049  0.011022  0.105283  0.034208  0.052832  0.088940  0.042569  0.099582  0.133409  0.047130  0.036868  0.047891  0.020905
11   0.053592  0.001520  0.022805  0.074496  0.049791  0.086659  0.061954  0.007222  0.003041  0.079437  0.073356  0.044850  0.045610  0.025086  0.087799  0.070315  0.117446  0.032307  0.025846  0.036868

This is the information content matrix of the clustered sequences:
            A         C         D         E         F         G         H         I         K         L         M         N         P         Q         R         S         T         V         W         Y
1   0.048335  0.000391  0.035615  0.000391  0.036398  0.052445  0.029549  0.012328  0.007240  0.028962  0.013503  0.040116  0.000783  0.028571  0.001370  0.047944  0.040312  0.020939  0.013503  0.056163
2   0.012600  0.003811  0.012911  0.000700  0.006844  0.010577  0.011433  0.005678  0.002255  0.017266  0.008944  0.011588  0.020221  0.000622  0.008166  0.021232  0.018199  0.020688  0.006455  0.004433
3   0.023241  0.000596  0.008939  0.006300  0.002554  0.013621  0.005874  0.009279  0.002299  0.017622  0.003320  0.012855  0.018729  0.004342  0.005959  0.039161  0.017112  0.013621  0.005534  0.013025
4   0.011086  0.001147  0.010131  0.007582  0.002485  0.005607  0.007518  0.006690  0.004779  0.012488  0.004651  0.003186  0.021090  0.007964  0.008347  0.021536  0.011851  0.010258  0.005480  0.003759
5   0.013694  0.000970  0.010786  0.002909  0.004242  0.013270  0.007453  0.005817  0.003575  0.024844  0.001091  0.006726  0.015815  0.004423  0.008120  0.009331  0.009331  0.010483  0.003636  0.002909
6   0.001963  0.002868  0.005636  0.001963  0.005133  0.013788  0.006492  0.003824  0.004177  0.012882  0.003523  0.009259  0.007246  0.002868  0.008001  0.015751  0.006139  0.006743  0.005082  0.009058
7   0.007208  0.002755  0.006382  0.003122  0.004545  0.007300  0.005004  0.007024  0.003857  0.010468  0.004499  0.008264  0.004545  0.001791  0.004821  0.013039  0.011753  0.007392  0.003535  0.003489
8   0.011539  0.004184  0.015787  0.005262  0.007481  0.007862  0.003487  0.002599  0.002916  0.013695  0.006530  0.010144  0.010334  0.005643  0.009130  0.011222  0.013948  0.007418  0.007545  0.010081
9   0.007161  0.002153  0.004056  0.004157  0.000951  0.010717  0.008313  0.005659  0.000851  0.013321  0.008914  0.006360  0.010466  0.004607  0.008463  0.010466  0.008814  0.007161  0.001853  0.007311
10  0.008192  0.000262  0.004522  0.000590  0.007602  0.013501  0.009700  0.004457  0.004194  0.009634  0.005374  0.008061  0.011928  0.005243  0.009765  0.029165  0.017695  0.009503  0.005767  0.007275
11  0.013902  0.001801  0.000720  0.006843  0.007996  0.003458  0.010445  0.007780  0.002089  0.019953  0.006483  0.010013  0.016856  0.008068  0.018872  0.025283  0.008932  0.006987  0.009076  0.003962
12  0.012335  0.000350  0.005249  0.017147  0.011460  0.019946  0.014260  0.001662  0.000700  0.018284  0.016884  0.010323  0.010498  0.005774  0.020209  0.016184  0.027032  0.007436  0.005949  0.008486
