
This is the count matrix of the clustered sequences:
          A     C      D      E      F      G      H      I      K      L     M      N      P      Q      R      S      T      V      W      Y
pos                                                                                                                                          
0     96.0  22.0  139.0   64.0  138.0   87.0  118.0  246.0   38.0   66.0  47.0  191.0   22.0  187.0   48.0  398.0  244.0   82.0   42.0  184.0
1    103.0   9.0   43.0  126.0  100.0   54.0  133.0   81.0   90.0  231.0  93.0  142.0  282.0   66.0  112.0  342.0  235.0   26.0   58.0  133.0
2    167.0  49.0   19.0   54.0  120.0  132.0  148.0  103.0   66.0  294.0  82.0  105.0  239.0  154.0   81.0  232.0  229.0   27.0   35.0  123.0
3    300.0   9.0   60.0   49.0   76.0  131.0  125.0   84.0   74.0  282.0  39.0   94.0  279.0   69.0   50.0  241.0  157.0  167.0   36.0  137.0
4     83.0  16.0   81.0   51.0  129.0  137.0  108.0  101.0   64.0  266.0  98.0  106.0  310.0   22.0  202.0  244.0  169.0  114.0   76.0   82.0
5    172.0  15.0   29.0   36.0  103.0  125.0  126.0  185.0   59.0  184.0  18.0   87.0  214.0   87.0  150.0  336.0  175.0  114.0  113.0  131.0
6    150.0  47.0  110.0   35.0  111.0  100.0  117.0   49.0  106.0  253.0  63.0   64.0  315.0   25.0  165.0  270.0  257.0   64.0   18.0  140.0

This is the probability matrix of the clustered sequences:
             A         C         D         E         F         G         H         I         K         L         M         N         P         Q         R         S         T         V         W         Y
pos                                                                                                                                                                                                        
0    0.039040  0.008947  0.056527  0.026027  0.056120  0.035380  0.047987  0.100041  0.015453  0.026840  0.019113  0.077674  0.008947  0.076047  0.019520  0.161854  0.099227  0.033347  0.017080  0.074827
1    0.041887  0.003660  0.017487  0.051240  0.040667  0.021960  0.054087  0.032940  0.036600  0.093941  0.037820  0.057747  0.114681  0.026840  0.045547  0.139081  0.095567  0.010573  0.023587  0.054087
2    0.067914  0.019927  0.007727  0.021960  0.048800  0.053680  0.060187  0.041887  0.026840  0.119561  0.033347  0.042700  0.097194  0.062627  0.032940  0.094347  0.093127  0.010980  0.014233  0.050020
3    0.122001  0.003660  0.024400  0.019927  0.030907  0.053274  0.050834  0.034160  0.030094  0.114681  0.015860  0.038227  0.113461  0.028060  0.020333  0.098007  0.063847  0.067914  0.014640  0.055714
4    0.033754  0.006507  0.032940  0.020740  0.052460  0.055714  0.043920  0.041074  0.026027  0.108174  0.039854  0.043107  0.126068  0.008947  0.082147  0.099227  0.068727  0.046360  0.030907  0.033347
5    0.069947  0.006100  0.011793  0.014640  0.041887  0.050834  0.051240  0.075234  0.023993  0.074827  0.007320  0.035380  0.087027  0.035380  0.061000  0.136641  0.071167  0.046360  0.045954  0.053274
6    0.061000  0.019113  0.044734  0.014233  0.045140  0.040667  0.047580  0.019927  0.043107  0.102887  0.025620  0.026027  0.128101  0.010167  0.067100  0.109801  0.104514  0.026027  0.007320  0.056934

This is the information content matrix of the clustered sequences:
           A         C         D         E         F         G         H         I         K         L         M         N         P         Q         R         S         T         V         W         Y
1  0.019113  0.004380  0.027674  0.012742  0.027475  0.017321  0.023493  0.048978  0.007566  0.013140  0.009358  0.038027  0.004380  0.037231  0.009557  0.079240  0.048580  0.016326  0.008362  0.036634
2  0.010987  0.000960  0.004587  0.013440  0.010667  0.005760  0.014187  0.008640  0.009600  0.024640  0.009920  0.015147  0.030080  0.007040  0.011947  0.036480  0.025066  0.002773  0.006187  0.014187
3  0.014221  0.004173  0.001618  0.004598  0.010218  0.011240  0.012603  0.008771  0.005620  0.025035  0.006983  0.008941  0.020352  0.013114  0.006897  0.019756  0.019500  0.002299  0.002980  0.010474
4  0.024821  0.000745  0.004964  0.004054  0.006288  0.010839  0.010342  0.006950  0.006123  0.023332  0.003227  0.007777  0.023084  0.005709  0.004137  0.019940  0.012990  0.013817  0.002979  0.011335
5  0.004257  0.000821  0.004154  0.002616  0.006616  0.007026  0.005539  0.005180  0.003282  0.013642  0.005026  0.005436  0.015899  0.001128  0.010360  0.012514  0.008667  0.005847  0.003898  0.004205
6  0.011954  0.001043  0.002016  0.002502  0.007159  0.008688  0.008757  0.012858  0.004101  0.012788  0.001251  0.006047  0.014873  0.006047  0.010425  0.023353  0.012163  0.007923  0.007854  0.009105
7  0.011539  0.003616  0.008462  0.002693  0.008539  0.007693  0.009001  0.003770  0.008155  0.019463  0.004847  0.004924  0.024233  0.001923  0.012693  0.020771  0.019771  0.004924  0.001385  0.010770
