
This is the count matrix of the clustered sequences:
          A     C      D      E      F      G      H      I      K      L      M      N      P      Q      R      S      T      V      W      Y
pos                                                                                                                                           
0    111.0  27.0  190.0   65.0  155.0   88.0  410.0  401.0   41.0   91.0   51.0  203.0   29.0  184.0   62.0  425.0  253.0   90.0   75.0  191.0
1    146.0  13.0   49.0  131.0  110.0   74.0  139.0   89.0   93.0  361.0   97.0  151.0  311.0   71.0  132.0  664.0  244.0   33.0   65.0  169.0
2    230.0  50.0   60.0   59.0  132.0  151.0  149.0  120.0   98.0  333.0  135.0  124.0  246.0  172.0  132.0  310.0  400.0   46.0   40.0  155.0
3    352.0  15.0   66.0   55.0  124.0  132.0  135.0   90.0   77.0  483.0   45.0  109.0  413.0   81.0   65.0  276.0  198.0  213.0   47.0  166.0
4    127.0  27.0   97.0   63.0  163.0  213.0  124.0  130.0   72.0  325.0  132.0  143.0  362.0   46.0  251.0  305.0  235.0  130.0  105.0   92.0
5    194.0  40.0   36.0   40.0  137.0  290.0  139.0  232.0   61.0  250.0   26.0  114.0  271.0   95.0  169.0  406.0  188.0  163.0  138.0  153.0
6    172.0  56.0  115.0   39.0  122.0  309.0  129.0   73.0  110.0  343.0   72.0  115.0  352.0   28.0  234.0  287.0  294.0   97.0   52.0  143.0

This is the probability matrix of the clustered sequences:
             A         C         D         E         F         G         H         I         K         L         M         N         P         Q         R         S         T         V         W         Y
pos                                                                                                                                                                                                        
0    0.035328  0.008593  0.060471  0.020687  0.049332  0.028008  0.130490  0.127626  0.013049  0.028962  0.016232  0.064609  0.009230  0.058561  0.019733  0.135264  0.080522  0.028644  0.023870  0.060789
1    0.046467  0.004137  0.015595  0.041693  0.035010  0.023552  0.044239  0.028326  0.029599  0.114895  0.030872  0.048059  0.098982  0.022597  0.042011  0.211330  0.077658  0.010503  0.020687  0.053787
2    0.073202  0.015913  0.019096  0.018778  0.042011  0.048059  0.047422  0.038192  0.031190  0.105983  0.042966  0.039465  0.078294  0.054742  0.042011  0.098663  0.127307  0.014640  0.012731  0.049332
3    0.112031  0.004774  0.021006  0.017505  0.039465  0.042011  0.042966  0.028644  0.024507  0.153724  0.014322  0.034691  0.131445  0.025780  0.020687  0.087842  0.063017  0.067791  0.014959  0.052833
4    0.040420  0.008593  0.030872  0.020051  0.051878  0.067791  0.039465  0.041375  0.022915  0.103437  0.042011  0.045512  0.115213  0.014640  0.079885  0.097072  0.074793  0.041375  0.033418  0.029281
5    0.061744  0.012731  0.011458  0.012731  0.043603  0.092298  0.044239  0.073838  0.019414  0.079567  0.008275  0.036283  0.086251  0.030236  0.053787  0.129217  0.059835  0.051878  0.043921  0.048695
6    0.054742  0.017823  0.036601  0.012412  0.038829  0.098345  0.041057  0.023234  0.035010  0.109166  0.022915  0.036601  0.112031  0.008912  0.074475  0.091343  0.093571  0.030872  0.016550  0.045512

This is the information content matrix of the clustered sequences:
           A         C         D         E         F         G         H         I         K         L         M         N         P         Q         R         S         T         V         W         Y
1  0.021193  0.005155  0.036277  0.012410  0.029594  0.016802  0.078281  0.076563  0.007828  0.017375  0.009737  0.038759  0.005537  0.035131  0.011838  0.081145  0.048305  0.017184  0.014320  0.036468
2  0.013420  0.001195  0.004504  0.012041  0.010111  0.006802  0.012776  0.008181  0.008548  0.033182  0.008916  0.013879  0.028586  0.006526  0.012133  0.061032  0.022428  0.003033  0.005975  0.015534
3  0.013255  0.002881  0.003458  0.003400  0.007607  0.008702  0.008587  0.006916  0.005648  0.019191  0.007780  0.007146  0.014177  0.009912  0.007607  0.017865  0.023052  0.002651  0.002305  0.008933
4  0.026772  0.001141  0.005020  0.004183  0.009431  0.010040  0.010268  0.006845  0.005856  0.036736  0.003423  0.008290  0.031412  0.006161  0.004944  0.020992  0.015059  0.016200  0.003575  0.012625
5  0.003873  0.000823  0.002958  0.001921  0.004971  0.006496  0.003782  0.003965  0.002196  0.009912  0.004026  0.004361  0.011041  0.001403  0.007655  0.009302  0.007167  0.003965  0.003202  0.002806
6  0.008160  0.001682  0.001514  0.001682  0.005763  0.012198  0.005847  0.009758  0.002566  0.010516  0.001094  0.004795  0.011399  0.003996  0.007109  0.017077  0.007908  0.006856  0.005805  0.006436
7  0.005611  0.001827  0.003752  0.001272  0.003980  0.010081  0.004208  0.002382  0.003589  0.011190  0.002349  0.003752  0.011484  0.000913  0.007634  0.009363  0.009591  0.003165  0.001696  0.004665
