
This is the count matrix of the clustered sequences:
         *      A      C      D      E      F      G      H      I     K      L      M      N      P      Q      R      S      T      V      W      Y
pos                                                                                                                                                 
0     0.0  260.0    6.0  181.0    3.0  203.0  275.0  430.0  157.0  39.0  157.0   73.0  205.0    9.0  151.0   10.0  336.0  214.0  107.0   69.0  290.0
1     0.0  172.0   49.0  167.0   17.0   89.0  140.0  220.0   75.0  30.0  325.0  114.0  150.0  263.0   10.0  121.0  564.0  234.0  267.0   89.0   79.0
2     0.0  415.0   15.0  106.0   73.0   59.0  168.0   72.0  123.0  28.0  229.0   46.0  162.0  225.0   62.0   76.0  592.0  314.0  171.0   69.0  170.0
3     0.0  196.0  155.0  168.0  132.0   49.0   88.0  144.0  116.0  99.0  309.0   82.0   70.0  354.0  131.0  146.0  373.0  215.0  177.0  103.0   68.0
4     0.0  239.0   25.0  190.0   64.0   87.0  244.0  147.0  121.0  71.0  470.0   56.0  142.0  292.0   84.0  196.0  246.0  184.0  189.0   69.0   59.0
5     0.0   61.0   73.0  125.0   55.0  151.0  302.0  147.0  110.0  92.0  306.0   82.0  201.0  165.0   71.0  184.0  382.0  161.0  155.0  158.0  194.0
6     0.0  203.0   69.0  155.0   80.0  132.0  184.0  128.0  172.0  96.0  335.0  115.0  193.0  135.0   52.0  126.0  356.0  283.0  182.0   88.0   91.0
7     0.0  224.0   67.0  262.0   90.0  134.0  187.0   80.0   55.0  60.0  279.0  113.0  187.0  224.0  101.0  177.0  237.0  251.0  135.0  136.0  176.0
8     0.0  176.0   48.0  106.0   94.0   41.0  267.0  186.0  158.0  24.0  339.0  187.0  143.0  246.0  100.0  198.0  265.0  211.0  177.0   47.0  162.0
9     0.0  173.0   13.0   80.0   19.0  130.0  250.0  159.0   80.0  82.0  227.0  102.0  146.0  210.0   89.0  194.0  521.0  298.0  168.0  101.0  133.0
10    0.0  220.0   30.0   21.0  113.0  147.0  202.0  158.0  127.0  42.0  296.0   96.0  149.0  281.0  130.0  279.0  426.0  142.0  117.0  133.0   66.0
11   39.0  158.0  140.0   67.0  210.0  132.0  321.0  188.0   48.0  10.0  269.0  194.0  121.0  129.0   66.0  263.0  204.0  355.0   92.0   70.0   99.0

This is the probability matrix of the clustered sequences:
             *         A         C         D         E         F         G         H         I         K         L         M         N         P         Q         R         S         T         V         W         Y
pos                                                                                                                                                                                                                  
0    0.000000  0.081890  0.001890  0.057008  0.000945  0.063937  0.086614  0.135433  0.049449  0.012283  0.049449  0.022992  0.064567  0.002835  0.047559  0.003150  0.105827  0.067402  0.033701  0.021732  0.091339
1    0.000000  0.054173  0.015433  0.052598  0.005354  0.028031  0.044094  0.069291  0.023622  0.009449  0.102362  0.035906  0.047244  0.082835  0.003150  0.038110  0.177638  0.073701  0.084094  0.028031  0.024882
2    0.000000  0.130709  0.004724  0.033386  0.022992  0.018583  0.052913  0.022677  0.038740  0.008819  0.072126  0.014488  0.051024  0.070866  0.019528  0.023937  0.186457  0.098898  0.053858  0.021732  0.053543
3    0.000000  0.061732  0.048819  0.052913  0.041575  0.015433  0.027717  0.045354  0.036535  0.031181  0.097323  0.025827  0.022047  0.111496  0.041260  0.045984  0.117480  0.067717  0.055748  0.032441  0.021417
4    0.000000  0.075276  0.007874  0.059843  0.020157  0.027402  0.076850  0.046299  0.038110  0.022362  0.148031  0.017638  0.044724  0.091969  0.026457  0.061732  0.077480  0.057953  0.059528  0.021732  0.018583
5    0.000000  0.019213  0.022992  0.039370  0.017323  0.047559  0.095118  0.046299  0.034646  0.028976  0.096378  0.025827  0.063307  0.051969  0.022362  0.057953  0.120315  0.050709  0.048819  0.049764  0.061102
6    0.000000  0.063937  0.021732  0.048819  0.025197  0.041575  0.057953  0.040315  0.054173  0.030236  0.105512  0.036220  0.060787  0.042520  0.016378  0.039685  0.112126  0.089134  0.057323  0.027717  0.028661
7    0.000000  0.070551  0.021102  0.082520  0.028346  0.042205  0.058898  0.025197  0.017323  0.018898  0.087874  0.035591  0.058898  0.070551  0.031811  0.055748  0.074646  0.079055  0.042520  0.042835  0.055433
8    0.000000  0.055433  0.015118  0.033386  0.029606  0.012913  0.084094  0.058583  0.049764  0.007559  0.106772  0.058898  0.045039  0.077480  0.031496  0.062362  0.083465  0.066457  0.055748  0.014803  0.051024
9    0.000000  0.054488  0.004094  0.025197  0.005984  0.040945  0.078740  0.050079  0.025197  0.025827  0.071496  0.032126  0.045984  0.066142  0.028031  0.061102  0.164094  0.093858  0.052913  0.031811  0.041890
10   0.000000  0.069291  0.009449  0.006614  0.035591  0.046299  0.063622  0.049764  0.040000  0.013228  0.093228  0.030236  0.046929  0.088504  0.040945  0.087874  0.134173  0.044724  0.036850  0.041890  0.020787
11   0.012283  0.049764  0.044094  0.021102  0.066142  0.041575  0.101102  0.059213  0.015118  0.003150  0.084724  0.061102  0.038110  0.040630  0.020787  0.082835  0.064252  0.111811  0.028976  0.022047  0.031181

This is the information content matrix of the clustered sequences:
            *         A         C         D         E         F         G         H         I         K         L         M         N         P         Q         R         S         T         V         W         Y
1   0.000000  0.056164  0.001296  0.039098  0.000648  0.043851  0.059404  0.092886  0.033914  0.008425  0.033914  0.015769  0.044283  0.001944  0.032618  0.002160  0.072581  0.046227  0.023113  0.014905  0.062644
2   0.000000  0.041310  0.011769  0.040110  0.004083  0.021376  0.033625  0.052839  0.018013  0.007205  0.078058  0.027380  0.036027  0.063167  0.002402  0.029061  0.135460  0.056201  0.064127  0.021376  0.018974
3   0.000000  0.097123  0.003510  0.024807  0.017084  0.013808  0.039317  0.016850  0.028786  0.006553  0.053593  0.010765  0.037913  0.052657  0.014510  0.017786  0.138546  0.073486  0.040019  0.016148  0.039785
4   0.000000  0.034694  0.027437  0.029738  0.023366  0.008674  0.015577  0.025490  0.020533  0.017524  0.054697  0.014515  0.012391  0.062662  0.023188  0.025844  0.066025  0.038057  0.031331  0.018232  0.012037
5   0.000000  0.050174  0.005248  0.039887  0.013436  0.018264  0.051223  0.030860  0.025402  0.014905  0.098668  0.011756  0.029810  0.061300  0.017634  0.041146  0.051643  0.038627  0.039677  0.014485  0.012386
6   0.000000  0.008076  0.009664  0.016548  0.007281  0.019990  0.039981  0.019461  0.014563  0.012180  0.040510  0.010856  0.026610  0.021844  0.009399  0.024359  0.050572  0.021314  0.020520  0.020917  0.025683
7   0.000000  0.030328  0.010309  0.023157  0.011952  0.019721  0.027490  0.019123  0.025697  0.014342  0.050049  0.017181  0.028834  0.020169  0.007769  0.018824  0.053187  0.042280  0.027191  0.013147  0.013595
8   0.000000  0.029442  0.008806  0.034436  0.011829  0.017612  0.024578  0.010515  0.007229  0.007886  0.036671  0.014852  0.024578  0.029442  0.013275  0.023264  0.031150  0.032990  0.017744  0.017875  0.023133
9   0.000000  0.031375  0.008557  0.018896  0.016757  0.007309  0.047597  0.033158  0.028166  0.004278  0.060433  0.033336  0.025492  0.043854  0.017827  0.035297  0.047241  0.037614  0.031553  0.008379  0.028879
10  0.000000  0.027262  0.002049  0.012607  0.002994  0.020486  0.039396  0.025056  0.012607  0.012922  0.035771  0.016073  0.023007  0.033092  0.014025  0.030571  0.082101  0.046960  0.026474  0.015916  0.020958
11  0.000000  0.036197  0.004936  0.003455  0.018592  0.024186  0.033236  0.025996  0.020896  0.006910  0.048702  0.015795  0.024516  0.046234  0.021389  0.045905  0.070091  0.023364  0.019250  0.021883  0.010859
12  0.006179  0.025033  0.022181  0.010615  0.033271  0.020913  0.050858  0.029786  0.007605  0.001584  0.042619  0.030736  0.019171  0.020438  0.010457  0.041668  0.032321  0.056244  0.014576  0.011090  0.015685
